scores_list = [
    [1.000, 0.500, 0.650, 0.900, 0.750, 1.000, 0.950, 0.900, 1.000, 0.500, 0.650, 0.900, 0.750, 1.000, 0.950, 0.900, 1.000, 0.500, 0.650, 0.900, 0.750, 1.000, 0.950, 0.900, 1.000, 0.500, 0.650, 0.900, 0.750, 1.000, 0.950, 0.900]
    [0.500, 1.000, 0.900, 0.950, 1.000, 0.750, 0.900, 0.650, 0.500, 1.000, 0.900, 0.950, 1.000, 0.750, 0.900, 0.650, 0.500, 1.000, 0.900, 0.950, 1.000, 0.750, 0.900, 0.650, 0.500, 1.000, 0.900, 0.950, 1.000, 0.750, 0.900, 0.650]
    [0.950, 0.900, 1.000, 0.500, 0.650, 0.900, 0.750, 1.000, 0.950, 0.900, 1.000, 0.500, 0.650, 0.900, 0.750, 1.000, 0.950, 0.900, 1.000, 0.500, 0.650, 0.900, 0.750, 1.000, 0.950, 0.900, 1.000, 0.500, 0.650, 0.900, 0.750, 1.000]
    [0.900, 0.650, 0.500, 1.000, 0.900, 0.950, 1.000, 0.750, 0.900, 0.650, 0.500, 1.000, 0.900, 0.950, 1.000, 0.750, 0.900, 0.650, 0.500, 1.000, 0.900, 0.950, 1.000, 0.750, 0.900, 0.650, 0.500, 1.000, 0.900, 0.950, 1.000, 0.750]
    [0.750, 1.000, 0.950, 0.900, 1.000, 0.500, 0.650, 0.900, 0.750, 1.000, 0.950, 0.900, 1.000, 0.500, 0.650, 0.900, 0.750, 1.000, 0.950, 0.900, 1.000, 0.500, 0.650, 0.900, 0.750, 1.000, 0.950, 0.900, 1.000, 0.500, 0.650, 0.900]
    [1.000, 0.750, 0.900, 0.650, 0.500, 1.000, 0.900, 0.950, 1.000, 0.750, 0.900, 0.650, 0.500, 1.000, 0.900, 0.950, 1.000, 0.750, 0.900, 0.650, 0.500, 1.000, 0.900, 0.950, 1.000, 0.750, 0.900, 0.650, 0.500, 1.000, 0.900, 0.950]
    [0.650, 0.900, 0.750, 1.000, 0.950, 0.900, 1.000, 0.500, 0.650, 0.900, 0.750, 1.000, 0.950, 0.900, 1.000, 0.500, 0.650, 0.900, 0.750, 1.000, 0.950, 0.900, 1.000, 0.500, 0.650, 0.900, 0.750, 1.000, 0.950, 0.900, 1.000, 0.500]
    [0.900, 0.950, 1.000, 0.750, 0.900, 0.650, 0.500, 1.000, 0.900, 0.950, 1.000, 0.750, 0.900, 0.650, 0.500, 1.000, 0.900, 0.950, 1.000, 0.750, 0.900, 0.650, 0.500, 1.000, 0.900, 0.950, 1.000, 0.750, 0.900, 0.650, 0.500, 1.000]
    [0.850, 0.600, 0.800, 0.350, 0.600, 0.750, 0.600, 0.825, 0.850, 0.600, 0.800, 0.350, 0.600, 0.750, 0.600, 0.825, 0.850, 0.600, 0.800, 0.350, 0.600, 0.750, 0.600, 0.825, 0.850, 0.600, 0.800, 0.350, 0.600, 0.750, 0.600, 0.825]
    [0.600, 0.850, 0.825, 0.600, 0.750, 0.600, 0.350, 0.800, 0.600, 0.850, 0.825, 0.600, 0.750, 0.600, 0.350, 0.800, 0.600, 0.850, 0.825, 0.600, 0.750, 0.600, 0.350, 0.800, 0.600, 0.850, 0.825, 0.600, 0.750, 0.600, 0.350, 0.800]
    [0.600, 0.825, 0.850, 0.600, 0.800, 0.350, 0.600, 0.750, 0.600, 0.825, 0.850, 0.600, 0.800, 0.350, 0.600, 0.750, 0.600, 0.825, 0.850, 0.600, 0.800, 0.350, 0.600, 0.750, 0.600, 0.825, 0.850, 0.600, 0.800, 0.350, 0.600, 0.750]
    [0.350, 0.800, 0.600, 0.850, 0.825, 0.600, 0.750, 0.600, 0.350, 0.800, 0.600, 0.850, 0.825, 0.600, 0.750, 0.600, 0.350, 0.800, 0.600, 0.850, 0.825, 0.600, 0.750, 0.600, 0.350, 0.800, 0.600, 0.850, 0.825, 0.600, 0.750, 0.600]
    [0.600, 0.750, 0.600, 0.825, 0.850, 0.600, 0.800, 0.350, 0.600, 0.750, 0.600, 0.825, 0.850, 0.600, 0.800, 0.350, 0.600, 0.750, 0.600, 0.825, 0.850, 0.600, 0.800, 0.350, 0.600, 0.750, 0.600, 0.825, 0.850, 0.600, 0.800, 0.350]
    [0.750, 0.600, 0.350, 0.800, 0.600, 0.850, 0.825, 0.600, 0.750, 0.600, 0.350, 0.800, 0.600, 0.850, 0.825, 0.600, 0.750, 0.600, 0.350, 0.800, 0.600, 0.850, 0.825, 0.600, 0.750, 0.600, 0.350, 0.800, 0.600, 0.850, 0.825, 0.600]
    [0.800, 0.350, 0.600, 0.750, 0.600, 0.825, 0.850, 0.600, 0.800, 0.350, 0.600, 0.750, 0.600, 0.825, 0.850, 0.600, 0.800, 0.350, 0.600, 0.750, 0.600, 0.825, 0.850, 0.600, 0.800, 0.350, 0.600, 0.750, 0.600, 0.825, 0.850, 0.600]
    [0.825, 0.600, 0.750, 0.600, 0.350, 0.800, 0.600, 0.850, 0.825, 0.600, 0.750, 0.600, 0.350, 0.800, 0.600, 0.850, 0.825, 0.600, 0.750, 0.600, 0.350, 0.800, 0.600, 0.850, 0.825, 0.600, 0.750, 0.600, 0.350, 0.800, 0.600, 0.850]
    [0.400, 0.650, 0.650, 0.350, 0.600, 0.150, 0.300, 0.400, 0.400, 0.650, 0.650, 0.350, 0.600, 0.150, 0.300, 0.400, 0.400, 0.650, 0.650, 0.350, 0.600, 0.150, 0.300, 0.400, 0.400, 0.650, 0.650, 0.350, 0.600, 0.150, 0.300, 0.400]
    [0.650, 0.400, 0.400, 0.300, 0.150, 0.600, 0.350, 0.650, 0.650, 0.400, 0.400, 0.300, 0.150, 0.600, 0.350, 0.650, 0.650, 0.400, 0.400, 0.300, 0.150, 0.600, 0.350, 0.650, 0.650, 0.400, 0.400, 0.300, 0.150, 0.600, 0.350, 0.650]
    [0.300, 0.400, 0.400, 0.650, 0.650, 0.350, 0.600, 0.150, 0.300, 0.400, 0.400, 0.650, 0.650, 0.350, 0.600, 0.150, 0.300, 0.400, 0.400, 0.650, 0.650, 0.350, 0.600, 0.150, 0.300, 0.400, 0.400, 0.650, 0.650, 0.350, 0.600, 0.150]
    [0.350, 0.650, 0.650, 0.400, 0.400, 0.300, 0.150, 0.600, 0.350, 0.650, 0.650, 0.400, 0.400, 0.300, 0.150, 0.600, 0.350, 0.650, 0.650, 0.400, 0.400, 0.300, 0.150, 0.600, 0.350, 0.650, 0.650, 0.400, 0.400, 0.300, 0.150, 0.600]
    [0.600, 0.150, 0.300, 0.400, 0.400, 0.650, 0.650, 0.350, 0.600, 0.150, 0.300, 0.400, 0.400, 0.650, 0.650, 0.350, 0.600, 0.150, 0.300, 0.400, 0.400, 0.650, 0.650, 0.350, 0.600, 0.150, 0.300, 0.400, 0.400, 0.650, 0.650, 0.350]
    [0.150, 0.600, 0.350, 0.650, 0.650, 0.400, 0.400, 0.300, 0.150, 0.600, 0.350, 0.650, 0.650, 0.400, 0.400, 0.300, 0.150, 0.600, 0.350, 0.650, 0.650, 0.400, 0.400, 0.300, 0.150, 0.600, 0.350, 0.650, 0.650, 0.400, 0.400, 0.300]
    [0.650, 0.350, 0.600, 0.150, 0.300, 0.400, 0.400, 0.650, 0.650, 0.350, 0.600, 0.150, 0.300, 0.400, 0.400, 0.650, 0.650, 0.350, 0.600, 0.150, 0.300, 0.400, 0.400, 0.650, 0.650, 0.350, 0.600, 0.150, 0.300, 0.400, 0.400, 0.650]
    [0.400, 0.300, 0.150, 0.600, 0.350, 0.650, 0.650, 0.400, 0.400, 0.300, 0.150, 0.600, 0.350, 0.650, 0.650, 0.400, 0.400, 0.300, 0.150, 0.600, 0.350, 0.650, 0.650, 0.400, 0.400, 0.300, 0.150, 0.600, 0.350, 0.650, 0.650, 0.400]
    [0.150, 0.450, 0.250, 0.475, 0.500, 0.250, 0.450, 0.000, 0.150, 0.450, 0.250, 0.475, 0.500, 0.250, 0.450, 0.000, 0.150, 0.450, 0.250, 0.475, 0.500, 0.250, 0.450, 0.000, 0.150, 0.450, 0.250, 0.475, 0.500, 0.250, 0.450, 0.000]
    [0.450, 0.150, 0.000, 0.450, 0.250, 0.500, 0.475, 0.250, 0.450, 0.150, 0.000, 0.450, 0.250, 0.500, 0.475, 0.250, 0.450, 0.150, 0.000, 0.450, 0.250, 0.500, 0.475, 0.250, 0.450, 0.150, 0.000, 0.450, 0.250, 0.500, 0.475, 0.250]
    [0.450, 0.000, 0.150, 0.450, 0.250, 0.475, 0.500, 0.250, 0.450, 0.000, 0.150, 0.450, 0.250, 0.475, 0.500, 0.250, 0.450, 0.000, 0.150, 0.450, 0.250, 0.475, 0.500, 0.250, 0.450, 0.000, 0.150, 0.450, 0.250, 0.475, 0.500, 0.250]
    [0.475, 0.250, 0.450, 0.150, 0.000, 0.450, 0.250, 0.500, 0.475, 0.250, 0.450, 0.150, 0.000, 0.450, 0.250, 0.500, 0.475, 0.250, 0.450, 0.150, 0.000, 0.450, 0.250, 0.500, 0.475, 0.250, 0.450, 0.150, 0.000, 0.450, 0.250, 0.500]
    [0.500, 0.250, 0.450, 0.000, 0.150, 0.450, 0.250, 0.475, 0.500, 0.250, 0.450, 0.000, 0.150, 0.450, 0.250, 0.475, 0.500, 0.250, 0.450, 0.000, 0.150, 0.450, 0.250, 0.475, 0.500, 0.250, 0.450, 0.000, 0.150, 0.450, 0.250, 0.475]
    [0.250, 0.500, 0.475, 0.250, 0.450, 0.150, 0.000, 0.450, 0.250, 0.500, 0.475, 0.250, 0.450, 0.150, 0.000, 0.450, 0.250, 0.500, 0.475, 0.250, 0.450, 0.150, 0.000, 0.450, 0.250, 0.500, 0.475, 0.250, 0.450, 0.150, 0.000, 0.450]
    [0.250, 0.475, 0.500, 0.250, 0.450, 0.000, 0.150, 0.450, 0.250, 0.475, 0.500, 0.250, 0.450, 0.000, 0.150, 0.450, 0.250, 0.475, 0.500, 0.250, 0.450, 0.000, 0.150, 0.450, 0.250, 0.475, 0.500, 0.250, 0.450, 0.000, 0.150, 0.450]
    [0.000, 0.450, 0.250, 0.500, 0.475, 0.250, 0.450, 0.150, 0.000, 0.450, 0.250, 0.500, 0.475, 0.250, 0.450, 0.150, 0.000, 0.450, 0.250, 0.500, 0.475, 0.250, 0.450, 0.150, 0.000, 0.450, 0.250, 0.500, 0.475, 0.250, 0.450, 0.150]
]