scores_list = [
    [0.896, 0.683, 0.766, 0.785, 0.698, 0.863, 1.000, 0.785, 0.758, 0.600, 0.663, 0.677, 0.611, 0.734, 0.831, 0.677, 0.664, 0.539, 0.590, 0.601, 0.549, 0.646, 0.720, 0.601, 0.591, 0.490, 0.531, 0.540, 0.498, 0.576, 0.635, 0.540]
    [0.683, 0.896, 0.785, 1.000, 0.863, 0.698, 0.785, 0.766, 0.600, 0.758, 0.677, 0.831, 0.734, 0.611, 0.677, 0.663, 0.539, 0.664, 0.601, 0.720, 0.646, 0.549, 0.601, 0.590, 0.490, 0.591, 0.540, 0.635, 0.576, 0.498, 0.540, 0.531]
    [1.000, 0.785, 0.896, 0.683, 0.766, 0.785, 0.698, 0.863, 0.831, 0.677, 0.758, 0.600, 0.663, 0.677, 0.611, 0.734, 0.720, 0.601, 0.664, 0.539, 0.590, 0.601, 0.549, 0.646, 0.635, 0.540, 0.591, 0.490, 0.531, 0.540, 0.498, 0.576]
    [0.785, 0.766, 0.683, 0.896, 0.785, 1.000, 0.863, 0.698, 0.677, 0.663, 0.600, 0.758, 0.677, 0.831, 0.734, 0.611, 0.601, 0.590, 0.539, 0.664, 0.601, 0.720, 0.646, 0.549, 0.540, 0.531, 0.490, 0.591, 0.540, 0.635, 0.576, 0.498]
    [0.698, 0.863, 1.000, 0.785, 0.896, 0.683, 0.766, 0.785, 0.611, 0.734, 0.831, 0.677, 0.758, 0.600, 0.663, 0.677, 0.549, 0.646, 0.720, 0.601, 0.664, 0.539, 0.590, 0.601, 0.498, 0.576, 0.635, 0.540, 0.591, 0.490, 0.531, 0.540]
    [0.863, 0.698, 0.785, 0.766, 0.683, 0.896, 0.785, 1.000, 0.734, 0.611, 0.677, 0.663, 0.600, 0.758, 0.677, 0.831, 0.646, 0.549, 0.601, 0.590, 0.539, 0.664, 0.601, 0.720, 0.576, 0.498, 0.540, 0.531, 0.490, 0.591, 0.540, 0.635]
    [0.766, 0.785, 0.698, 0.863, 1.000, 0.785, 0.896, 0.683, 0.663, 0.677, 0.611, 0.734, 0.831, 0.677, 0.758, 0.600, 0.590, 0.601, 0.549, 0.646, 0.720, 0.601, 0.664, 0.539, 0.531, 0.540, 0.498, 0.576, 0.635, 0.540, 0.591, 0.490]
    [0.785, 1.000, 0.863, 0.698, 0.785, 0.766, 0.683, 0.896, 0.677, 0.831, 0.734, 0.611, 0.677, 0.663, 0.600, 0.758, 0.601, 0.720, 0.646, 0.549, 0.601, 0.590, 0.539, 0.664, 0.540, 0.635, 0.576, 0.498, 0.540, 0.531, 0.490, 0.591]
    [0.831, 0.677, 0.758, 0.600, 0.663, 0.677, 0.611, 0.734, 0.711, 0.595, 0.657, 0.535, 0.584, 0.595, 0.544, 0.639, 0.628, 0.536, 0.585, 0.486, 0.527, 0.536, 0.494, 0.571, 0.562, 0.487, 0.528, 0.446, 0.480, 0.487, 0.452, 0.516]
    [0.677, 0.831, 0.734, 0.611, 0.677, 0.663, 0.600, 0.758, 0.595, 0.711, 0.639, 0.544, 0.595, 0.584, 0.535, 0.657, 0.536, 0.628, 0.571, 0.494, 0.536, 0.527, 0.486, 0.585, 0.487, 0.562, 0.516, 0.452, 0.487, 0.480, 0.446, 0.528]
    [0.611, 0.734, 0.831, 0.677, 0.758, 0.600, 0.663, 0.677, 0.544, 0.639, 0.711, 0.595, 0.657, 0.535, 0.584, 0.595, 0.494, 0.571, 0.628, 0.536, 0.585, 0.486, 0.527, 0.536, 0.452, 0.516, 0.562, 0.487, 0.528, 0.446, 0.480, 0.487]
    [0.600, 0.758, 0.677, 0.831, 0.734, 0.611, 0.677, 0.663, 0.535, 0.657, 0.595, 0.711, 0.639, 0.544, 0.595, 0.584, 0.486, 0.585, 0.536, 0.628, 0.571, 0.494, 0.536, 0.527, 0.446, 0.528, 0.487, 0.562, 0.516, 0.452, 0.487, 0.480]
    [0.663, 0.677, 0.611, 0.734, 0.831, 0.677, 0.758, 0.600, 0.584, 0.595, 0.544, 0.639, 0.711, 0.595, 0.657, 0.535, 0.527, 0.536, 0.494, 0.571, 0.628, 0.536, 0.585, 0.486, 0.480, 0.487, 0.452, 0.516, 0.562, 0.487, 0.528, 0.446]
    [0.677, 0.663, 0.600, 0.758, 0.677, 0.831, 0.734, 0.611, 0.595, 0.584, 0.535, 0.657, 0.595, 0.711, 0.639, 0.544, 0.536, 0.527, 0.486, 0.585, 0.536, 0.628, 0.571, 0.494, 0.487, 0.480, 0.446, 0.528, 0.487, 0.562, 0.516, 0.452]
    [0.758, 0.600, 0.663, 0.677, 0.611, 0.734, 0.831, 0.677, 0.657, 0.535, 0.584, 0.595, 0.544, 0.639, 0.711, 0.595, 0.585, 0.486, 0.527, 0.536, 0.494, 0.571, 0.628, 0.536, 0.528, 0.446, 0.480, 0.487, 0.452, 0.516, 0.562, 0.487]
    [0.734, 0.611, 0.677, 0.663, 0.600, 0.758, 0.677, 0.831, 0.639, 0.544, 0.595, 0.584, 0.535, 0.657, 0.595, 0.711, 0.571, 0.494, 0.536, 0.527, 0.486, 0.585, 0.536, 0.628, 0.516, 0.452, 0.487, 0.480, 0.446, 0.528, 0.487, 0.562]
    [0.549, 0.646, 0.720, 0.601, 0.664, 0.539, 0.590, 0.601, 0.494, 0.571, 0.628, 0.536, 0.585, 0.486, 0.527, 0.536, 0.452, 0.516, 0.562, 0.487, 0.528, 0.446, 0.480, 0.487, 0.417, 0.471, 0.509, 0.446, 0.480, 0.411, 0.440, 0.446]
    [0.646, 0.549, 0.601, 0.590, 0.539, 0.664, 0.601, 0.720, 0.571, 0.494, 0.536, 0.527, 0.486, 0.585, 0.536, 0.628, 0.516, 0.452, 0.487, 0.480, 0.446, 0.528, 0.487, 0.562, 0.471, 0.417, 0.446, 0.440, 0.411, 0.480, 0.446, 0.509]
    [0.590, 0.601, 0.549, 0.646, 0.720, 0.601, 0.664, 0.539, 0.527, 0.536, 0.494, 0.571, 0.628, 0.536, 0.585, 0.486, 0.480, 0.487, 0.452, 0.516, 0.562, 0.487, 0.528, 0.446, 0.440, 0.446, 0.417, 0.471, 0.509, 0.446, 0.480, 0.411]
    [0.601, 0.720, 0.646, 0.549, 0.601, 0.590, 0.539, 0.664, 0.536, 0.628, 0.571, 0.494, 0.536, 0.527, 0.486, 0.585, 0.487, 0.562, 0.516, 0.452, 0.487, 0.480, 0.446, 0.528, 0.446, 0.509, 0.471, 0.417, 0.446, 0.440, 0.411, 0.480]
    [0.664, 0.539, 0.590, 0.601, 0.549, 0.646, 0.720, 0.601, 0.585, 0.486, 0.527, 0.536, 0.494, 0.571, 0.628, 0.536, 0.528, 0.446, 0.480, 0.487, 0.452, 0.516, 0.562, 0.487, 0.480, 0.411, 0.440, 0.446, 0.417, 0.471, 0.509, 0.446]
    [0.539, 0.664, 0.601, 0.720, 0.646, 0.549, 0.601, 0.590, 0.486, 0.585, 0.536, 0.628, 0.571, 0.494, 0.536, 0.527, 0.446, 0.528, 0.487, 0.562, 0.516, 0.452, 0.487, 0.480, 0.411, 0.480, 0.446, 0.509, 0.471, 0.417, 0.446, 0.440]
    [0.720, 0.601, 0.664, 0.539, 0.590, 0.601, 0.549, 0.646, 0.628, 0.536, 0.585, 0.486, 0.527, 0.536, 0.494, 0.571, 0.562, 0.487, 0.528, 0.446, 0.480, 0.487, 0.452, 0.516, 0.509, 0.446, 0.480, 0.411, 0.440, 0.446, 0.417, 0.471]
    [0.601, 0.590, 0.539, 0.664, 0.601, 0.720, 0.646, 0.549, 0.536, 0.527, 0.486, 0.585, 0.536, 0.628, 0.571, 0.494, 0.487, 0.480, 0.446, 0.528, 0.487, 0.562, 0.516, 0.452, 0.446, 0.440, 0.411, 0.480, 0.446, 0.509, 0.471, 0.417]
    [0.531, 0.540, 0.498, 0.576, 0.635, 0.540, 0.591, 0.490, 0.480, 0.487, 0.452, 0.516, 0.562, 0.487, 0.528, 0.446, 0.440, 0.446, 0.417, 0.471, 0.509, 0.446, 0.480, 0.411, 0.407, 0.412, 0.387, 0.433, 0.465, 0.412, 0.441, 0.382]
    [0.540, 0.531, 0.490, 0.591, 0.540, 0.635, 0.576, 0.498, 0.487, 0.480, 0.446, 0.528, 0.487, 0.562, 0.516, 0.452, 0.446, 0.440, 0.411, 0.480, 0.446, 0.509, 0.471, 0.417, 0.412, 0.407, 0.382, 0.441, 0.412, 0.465, 0.433, 0.387]
    [0.591, 0.490, 0.531, 0.540, 0.498, 0.576, 0.635, 0.540, 0.528, 0.446, 0.480, 0.487, 0.452, 0.516, 0.562, 0.487, 0.480, 0.411, 0.440, 0.446, 0.417, 0.471, 0.509, 0.446, 0.441, 0.382, 0.407, 0.412, 0.387, 0.433, 0.465, 0.412]
    [0.576, 0.498, 0.540, 0.531, 0.490, 0.591, 0.540, 0.635, 0.516, 0.452, 0.487, 0.480, 0.446, 0.528, 0.487, 0.562, 0.471, 0.417, 0.446, 0.440, 0.411, 0.480, 0.446, 0.509, 0.433, 0.387, 0.412, 0.407, 0.382, 0.441, 0.412, 0.465]
    [0.635, 0.540, 0.591, 0.490, 0.531, 0.540, 0.498, 0.576, 0.562, 0.487, 0.528, 0.446, 0.480, 0.487, 0.452, 0.516, 0.509, 0.446, 0.480, 0.411, 0.440, 0.446, 0.417, 0.471, 0.465, 0.412, 0.441, 0.382, 0.407, 0.412, 0.387, 0.433]
    [0.540, 0.635, 0.576, 0.498, 0.540, 0.531, 0.490, 0.591, 0.487, 0.562, 0.516, 0.452, 0.487, 0.480, 0.446, 0.528, 0.446, 0.509, 0.471, 0.417, 0.446, 0.440, 0.411, 0.480, 0.412, 0.465, 0.433, 0.387, 0.412, 0.407, 0.382, 0.441]
    [0.498, 0.576, 0.635, 0.540, 0.591, 0.490, 0.531, 0.540, 0.452, 0.516, 0.562, 0.487, 0.528, 0.446, 0.480, 0.487, 0.417, 0.471, 0.509, 0.446, 0.480, 0.411, 0.440, 0.446, 0.387, 0.433, 0.465, 0.412, 0.441, 0.382, 0.407, 0.412]
    [0.490, 0.591, 0.540, 0.635, 0.576, 0.498, 0.540, 0.531, 0.446, 0.528, 0.487, 0.562, 0.516, 0.452, 0.487, 0.480, 0.411, 0.480, 0.446, 0.509, 0.471, 0.417, 0.446, 0.440, 0.382, 0.441, 0.412, 0.465, 0.433, 0.387, 0.412, 0.407]
]